-62942.0
-48779.0
-32333.0
-55219.0
-33307.0
-38811.0
-49097.0
-42345.0
-61634.0
-58752.0
-32935.0
-61450.0
-36864.0
-32052.0
-52722.0
-47287.0
-46971.0
-35057.0
-45439.0
-50402.0
-39692.0
-33684.0
-50884.0
-30949.0
-33442.0
-32722.0
-31267.0
-45624.0
-38152.0
-38291.0
-42956.0
-39322.0
-43016.0
-35212.0
-27769.0
-50409.0
-30243.0
-45797.0
-31019.0
-60778.0
-34325.0
-27727.0
-45064.0
-39424.0
-31077.0
-34468.0
-31593.0
-54564.0
-24853.0
-31215.0
-39989.0
-25947.0
-51718.0
-25142.0
-37122.0
-31599.0
-26573.0
-29366.0
-42516.0
-25789.0
-26264.0
-22865.0
-49762.0
-33286.0
-28321.0
-33351.0
-19875.0
-27882.0
-29603.0
-31928.0
-24115.0
-26016.0
-20343.0
-26828.0
-22466.0
-21910.0
-17186.0
-27166.0
-21347.0
-24896.0
-74284.0
-26590.0
-18331.0
-20001.0
-20010.0
-18411.0
-14457.0
-38373.0
-20294.0
-24801.0
-22791.0
-25160.0
-24979.0
-16791.0
-19811.0
-15817.0
-20746.0
-80402.0
-20095.0
-34294.0
