142644
137760
97058
136334
100596
111150
127426
120061
132354
128817
96313
139687
89836
90095
116670
122914
115096
112379
116561
124117
108910
95173
124396
86547
88789
104082
81789
120652
99762
114517
112225
120094
110809
94669
80727
125047
88069
106740
83180
133957
105287
86580
102550
114215
97703
94080
94717
125597
79642
95015
98491
78990
111991
77315
96233
101395
93534
77218
108428
90001
87397
82038
108401
94748
89739
86827
71579
91826
87107
93482
75740
80770
71751
87455
86630
83244
63129
80047
69768
76478
139913
82007
71243
75586
70301
66280
55912
91880
72188
81809
82904
79527
83504
67458
70529
64453
71594
139444
72614
92914
