35.661
34.44
24.2645
34.0835
25.149
27.7875
31.8565
30.01525
33.0885
32.20425
24.07825
34.92175
22.459
22.52375
29.1675
30.7285
28.774
28.09475
29.14025
31.02925
27.2275
23.79325
31.099
21.63675
22.19725
26.0205
20.44725
30.163
24.9405
28.62925
28.05625
30.0235
27.70225
23.66725
20.18175
31.26175
22.01725
26.685
20.795
33.48925
26.32175
21.645
25.6375
28.55375
24.42575
23.52
23.67925
31.39925
19.9105
23.75375
24.62275
19.7475
27.99775
19.32875
24.05825
25.34875
23.3835
19.3045
27.107
22.50025
21.84925
20.5095
27.10025
23.687
22.43475
21.70675
17.89475
22.9565
21.77675
23.3705
18.935
20.1925
17.93775
21.86375
21.6575
20.811
15.78225
20.01175
17.442
19.1195
34.97825
20.50175
17.81075
18.8965
17.57525
16.57
13.978
22.97
18.047
20.45225
20.726
19.88175
20.876
16.8645
17.63225
16.11325
17.8985
34.861
18.1535
23.2285
