-57746.0
-58309.0
-34931.0
-48764.0
-36549.0
-57695.0
-47478.0
-61903.0
-51564.0
-48799.0
-36884.0
-63432.0
-43675.0
-35814.0
-42112.0
-32356.0
-37831.0
-39859.0
-46042.0
-43613.0
-77239.0
-35553.0
-45494.0
-30907.0
-60953.0
-44229.0
-38969.0
-71334.0
-43137.0
-28682.0
-41652.0
-42108.0
-38878.0
-43088.0
-25517.0
-47796.0
-30632.0
-33608.0
-48228.0
-43278.0
-38130.0
-34771.0
-32702.0
-42330.0
-22807.0
-28864.0
-40922.0
-30844.0
-32131.0
-28488.0
-28947.0
-53100.0
-38416.0
-33289.0
-41163.0
-33935.0
-33994.0
-38281.0
-30895.0
-34058.0
-40501.0
-29338.0
-35639.0
-44120.0
-39717.0
-27068.0
-31665.0
-37752.0
-27127.0
-34928.0
-26601.0
-27686.0
-32094.0
-28665.0
-32689.0
-28997.0
-30964.0
-35917.0
-26571.0
-24616.0
-30406.0
-25042.0
-42881.0
-29889.0
-43385.0
-27325.0
-29756.0
-21957.0
-23949.0
-29836.0
-27568.0
-31656.0
-27165.0
-21923.0
-28074.0
-24320.0
-31530.0
-25161.0
-27223.0
-30647.0
-24678.0
-28120.0
-25104.0
-25919.0
-34084.0
-21753.0
-35411.0
-27506.0
-28100.0
-40566.0
-29108.0
-35668.0
-25672.0
-37496.0
-23974.0
-22140.0
-32772.0
-36525.0
-21780.0
-25547.0
-63282.0
-29134.0
-22705.0
-24031.0
-20183.0
-73702.0
-20911.0
-22824.0
-23372.0
-29048.0
-27551.0
-23469.0
-24744.0
-25089.0
-29224.0
-28261.0
-20585.0
-25335.0
-30152.0
-26044.0
-36793.0
-21973.0
-21247.0
-24371.0
-23145.0
-27716.0
-24538.0
-23375.0
-31546.0
-24552.0
-24661.0
-24609.0
-27451.0
-17551.0
-22363.0
-24085.0
-25699.0
-23536.0
-37931.0
-21904.0
-23466.0
-29294.0
-29778.0
-25288.0
-32753.0
-25184.0
-28162.0
-25016.0
-27999.0
-23166.0
-22215.0
-35568.0
-27648.0
-23075.0
-20683.0
-28575.0
-25138.0
-22073.0
-22814.0
-24320.0
-29411.0
-23002.0
-27316.0
-22997.0
-24219.0
-22509.0
-17642.0
-17682.0
-24593.0
-25205.0
-20860.0
-17018.0
-19786.0
-25184.0
-32315.0
-27703.0
-26727.0
-26720.0
-23505.0
-29522.0
