145179
142611
89885
116384
96234
139524
120131
149231
124323
129064
103320
135993
113349
100683
116638
91033
89354
100022
111905
109263
159252
104007
116634
86430
139043
113986
104163
149254
112482
86140
108885
111225
117738
120409
73497
124594
88183
111404
110858
119228
117238
99197
92549
117272
71417
98163
104386
98163
100098
84083
87027
121204
100160
104562
102538
104386
103965
106316
82611
96862
108516
93430
99694
111636
98438
76593
79394
111679
82141
100494
88028
92254
94243
93464
85733
80704
84514
100720
86037
82445
91577
81951
100447
85046
100951
83864
95220
73261
80059
94746
89604
91146
80361
71625
82645
71586
95205
87869
76654
94419
76265
81910
83856
90694
97325
73215
97025
90984
77005
105091
91209
103315
84782
93487
86033
79372
86985
101597
75746
72350
113987
98756
75883
76441
74447
137341
69515
74296
70583
87359
77643
74355
83103
81292
82604
82792
69290
81246
91155
85735
90659
75616
68411
79750
81996
73432
78894
66007
80175
79725
70401
76294
75034
65670
74892
83139
81767
75192
104768
78814
76112
86687
86700
89410
92787
82299
88130
85048
83430
78393
71363
92528
79414
79621
70307
85352
75177
68648
77579
85650
87532
76714
81455
69032
91109
75633
69922
63604
79204
76813
68768
65526
77650
79751
98530
83626
85142
99458
84538
85675
