36.29475
35.65275
22.47125
29.096
24.0585
34.881
30.03275
37.30775
31.08075
32.266
25.83
33.99825
28.33725
25.17075
29.1595
22.75825
22.3385
25.0055
27.97625
27.31575
39.813
26.00175
29.1585
21.6075
34.76075
28.4965
26.04075
37.3135
28.1205
21.535
27.22125
27.80625
29.4345
30.10225
18.37425
31.1485
22.04575
27.851
27.7145
29.807
29.3095
24.79925
23.13725
29.318
17.85425
24.54075
26.0965
24.54075
25.0245
21.02075
21.75675
30.301
25.04
26.1405
25.6345
26.0965
25.99125
26.579
20.65275
24.2155
27.129
23.3575
24.9235
27.909
24.6095
19.14825
19.8485
27.91975
20.53525
25.1235
22.007
23.0635
23.56075
23.366
21.43325
20.176
21.1285
25.18
21.50925
20.61125
22.89425
20.48775
25.11175
21.2615
25.23775
20.966
23.805
18.31525
20.01475
23.6865
22.401
22.7865
20.09025
17.90625
20.66125
17.8965
23.80125
21.96725
19.1635
23.60475
19.06625
20.4775
20.964
22.6735
24.33125
18.30375
24.25625
22.746
19.25125
26.27275
22.80225
25.82875
21.1955
23.37175
21.50825
19.843
21.74625
25.39925
18.9365
18.0875
28.49675
24.689
18.97075
19.11025
18.61175
34.33525
17.37875
18.574
17.64575
21.83975
19.41075
18.58875
20.77575
20.323
20.651
20.698
17.3225
20.3115
22.78875
21.43375
22.66475
18.904
17.10275
19.9375
20.499
18.358
19.7235
16.50175
20.04375
19.93125
17.60025
19.0735
18.7585
16.4175
18.723
20.78475
20.44175
18.798
26.192
19.7035
19.028
21.67175
21.675
22.3525
23.19675
20.57475
22.0325
21.262
20.8575
19.59825
17.84075
23.132
19.8535
19.90525
17.57675
21.338
18.79425
17.162
19.39475
21.4125
21.883
19.1785
20.36375
17.258
22.77725
18.90825
17.4805
15.901
19.801
19.20325
17.192
16.3815
19.4125
19.93775
24.6325
20.9065
21.2855
24.8645
21.1345
21.41875
