-197833.0
-184116.0
-221884.0
-134783.0
-190458.0
-258516.0
-136551.0
-170347.0
-141448.0
-223669.0
-109749.0
-142224.0
-126758.0
-128701.0
-129877.0
-170792.0
-133319.0
-109971.0
-135708.0
-146508.0
-118775.0
-111217.0
-114834.0
-131812.0
-115650.0
-162353.0
-138213.0
-141915.0
-131664.0
-131715.0
-128925.0
-144480.0
-159801.0
-159101.0
-104258.0
-108924.0
-178290.0
-173038.0
-173087.0
-134976.0
-157599.0
-119864.0
-145681.0
-186805.0
-175657.0
-118081.0
-158669.0
-248173.0
-215381.0
-223573.0
-230868.0
-157641.0
-158310.0
-184216.0
-283301.0
-213197.0
-143623.0
-206859.0
-142482.0
-111304.0
-298975.0
-253668.0
-361845.0
-283704.0
-254876.0
-227514.0
-265141.0
-227296.0
-139124.0
-167590.0
-150528.0
-102535.0
-327406.0
-290377.0
-419098.0
-270950.0
-109081.0
-291931.0
-120759.0
-110218.0
-177698.0
-144328.0
-121118.0
-156311.0
-101205.0
-99118.0
-89885.0
-103241.0
-104389.0
-89983.0
-255640.0
-188307.0
-665220.0
-210666.0
-657061.0
-313180.0
-691680.0
-644146.0
-615616.0
-528268.0
