116.01575
105.5495
117.37925
85.4375
109.913
131.89375
85.294
97.1985
84.9555
117.58075
70.248
88.34725
81.44975
80.3965
81.5405
102.281
91.02625
74.7985
84.45625
84.73275
77.5775
68.25875
67.6705
73.1255
70.06775
94.0575
76.52775
79.8885
75.2385
78.044
74.00475
85.841
86.4755
87.735
70.7035
69.30475
92.4465
82.8605
79.04475
76.336
80.60725
70.07
73.90625
91.721
86.977
63.613
83.64175
117.87075
109.128
106.5905
115.61975
79.94075
82.07625
85.26025
100.9735
94.40025
69.13675
99.594
79.97725
67.32425
120.11775
107.42475
159.6295
128.878
120.8615
95.981
104.954
90.87125
73.4215
80.96925
84.2325
67.196
112.382
114.71275
161.41725
106.4745
66.637
115.8935
73.612
69.406
97.51125
82.85
75.4
91.5285
62.0705
63.12675
51.0125
65.438
58.904
51.4205
104.511
83.77525
193.55475
86.0825
201.01475
103.8825
201.8125
227.8715
201.99025
171.38225
