25.48375
24.3345
16.3735
18.3
20.2
19.8285
18.44775
18.13275
17.1415
18.28625
13.94775
16.44325
15.87375
16.734
21.14975
18.54575
15.317
14.706
15.36425
16.28375
15.96775
12.37725
13.34
13.3825
15.544
15.6675
14.8245
15.72875
16.4725
15.344
17.03
15.16475
18.867
15.313
15.114
17.9435
14.22775
18.1815
14.92775
17.301
18.80425
14.4065
14.5135
15.09525
15.15275
14.54
13.9385
13.74925
15.281
15.228
13.14725
13.67125
14.84075
14.1415
13.411
14.50225
13.94375
12.4055
14.41075
14.81425
14.951
13.797
16.5715
13.46325
15.5045
12.12025
12.42
14.83975
12.06875
14.99425
17.7935
17.1885
14.77475
14.8075
15.39025
14.97375
10.50175
12.2025
13.224
14.114
12.5015
12.65875
11.1585
11.49325
10.359
10.109
9.28575
9.978
10.66525
11.51775
11.00725
10.09475
11.54125
10.742
10.45275
10.8975
12.1385
11.19275
11.53425
12.9155
