101935
97338
65494
73200
80800
79314
73791
72531
68566
73145
55791
65773
63495
66936
84599
74183
61268
58824
61457
65135
63871
49509
53360
53530
62176
62670
59298
62915
65890
61376
68120
60659
75468
61252
60456
71774
56911
72726
59711
69204
75217
57626
58054
60381
60611
58160
55754
54997
61124
60912
52589
54685
59363
56566
53644
58009
55775
49622
57643
59257
59804
55188
66286
53853
62018
48481
49680
59359
48275
59977
71174
68754
59099
59230
61561
59895
42007
48810
52896
56456
50006
50635
44634
45973
41436
40436
37143
39912
42661
46071
44029
40379
46165
42968
41811
43590
48554
44771
46137
51662
