-41090.0
-43060.0
-25724.0
-28658.0
-37653.0
-33670.0
-28121.0
-29720.0
-27778.0
-28300.0
-22337.0
-23107.0
-22499.0
-27073.0
-35330.0
-28498.0
-22591.0
-22100.0
-19736.0
-24388.0
-23985.0
-17388.0
-18678.0
-17527.0
-22108.0
-20855.0
-18604.0
-23949.0
-23062.0
-22929.0
-26466.0
-22613.0
-30167.0
-22571.0
-23472.0
-23946.0
-19204.0
-26493.0
-21919.0
-26588.0
-26156.0
-18834.0
-19087.0
-21397.0
-24773.0
-20694.0
-17480.0
-16791.0
-19545.0
-20124.0
-15466.0
-19718.0
-19401.0
-18640.0
-17138.0
-17254.0
-16076.0
-13535.0
-14916.0
-16047.0
-19124.0
-17421.0
-19776.0
-17869.0
-19811.0
-14308.0
-13253.0
-17970.0
-13933.0
-17874.0
-29337.0
-21613.0
-22476.0
-19676.0
-23521.0
-20823.0
-11915.0
-14927.0
-15510.0
-18993.0
-15216.0
-15502.0
-13737.0
-14176.0
-12538.0
-11032.0
-12176.0
-13041.0
-15468.0
-13610.0
-16100.0
-11916.0
-13751.0
-11542.0
-12098.0
-11661.0
-15442.0
-14067.0
-15166.0
-14386.0
