116.25075
119.389
115.45975
106.5655
114.67525
106.76725
131.50925
96.68575
97.5975
96.26325
91.8395
118.171
119.76175
104.4995
120.93975
101.84875
103.34425
102.27675
100.5335
107.9785
116.88725
101.35575
96.347
110.0215
100.415
104.89625
127.14725
103.92575
325.59475
99.92575
110.55225
225.08475
102.82675
169.87775
98.619
132.41
223.1435
181.0125
246.221
128.1205
242.5565
139.47125
156.395
315.326
115.6145
136.09275
425.2915
336.397
207.164
176.6445
140.6145
220.13775
142.173
261.4465
338.9015
302.597
157.90575
259.9755
291.561
517.3115
