164.752
157.987
131.85725
145.6895
143.137
138.2115
144.80825
142.87025
127.039
141.3335
143.3985
130.29575
145.362
135.2085
143.61225
139.541
132.662
147.0945
131.563
126.37725
136.23425
121.95275
116.69975
120.188
128.59475
136.339
124.73075
125.09725
148.4155
120.9375
113.8355
125.896
114.5255
118.4755
114.22825
115.962
121.1115
111.73675
112.92975
112.75675
117.472
118.80875
113.827
114.24875
113.05425
122.7405
107.933
114.29325
112.43625
107.67375
110.1665
106.79625
110.62375
109.373
105.4385
105.354
108.15925
106.01
107.203
108.64325
