-47907.0
-53031.0
-28529.0
-44437.0
-39433.0
-42693.0
-34301.0
-33290.0
-34255.0
-34648.0
-26971.0
-29820.0
-29599.0
-26931.0
-33934.0
-36350.0
-31881.0
-28430.0
-29010.0
-21507.0
-22746.0
-24541.0
-19451.0
-23592.0
-19311.0
-27098.0
-30451.0
-26622.0
-20891.0
-22965.0
-26158.0
-17795.0
-19540.0
-20889.0
-28071.0
-21398.0
-22337.0
-16631.0
-16424.0
-21074.0
-25930.0
-15453.0
-18416.0
-29511.0
-18811.0
-16963.0
-17550.0
-22595.0
-22419.0
-19301.0
-22193.0
-22571.0
-25362.0
-28711.0
-16150.0
-17674.0
-14663.0
-16508.0
-19566.0
-13493.0
-17021.0
-12961.0
-13434.0
-17037.0
-12803.0
-11803.0
-16990.0
-15634.0
-13750.0
-14370.0
-19109.0
-18090.0
-22810.0
-15516.0
-17466.0
-12222.0
-15651.0
-14542.0
-11708.0
-13988.0
-17429.0
-13223.0
-13612.0
-11812.0
-14949.0
-9054.0
-13899.0
-11626.0
-10646.0
-13161.0
-13002.0
-12574.0
-18687.0
-19745.0
-17969.0
-140231.0
-23674.0
-25841.0
-18309.0
-13314.0
