77425
104671
82261
90086
105992
94218
102709
90679
87352
87184
85361
87566
89571
85757
79728
88368
81114
79503
81903
91829
78883
91987
80055
78003
87062
85329
79741
72310
83217
87890
89384
87301
84799
83540
90347
75453
81480
82932
72163
79313
84195
74284
76925
85421
74961
66901
78825
78347
74503
72458
72752
63344
80595
73110
67004
72448
75394
78973
75926
68659
75026
70900
69093
64930
77647
71835
72446
65263
72586
71333
69500
73151
65069
64552
58975
66170
66551
67933
63514
67551
68099
67683
64316
69126
71812
75513
81085
70158
64282
75673
71512
69036
69314
67344
63414
62185
67352
69948
56736
65506
