19.35625
26.16775
20.56525
22.5215
26.498
23.5545
25.67725
22.66975
21.838
21.796
21.34025
21.8915
22.39275
21.43925
19.932
22.092
20.2785
19.87575
20.47575
22.95725
19.72075
22.99675
20.01375
19.50075
21.7655
21.33225
19.93525
18.0775
20.80425
21.9725
22.346
21.82525
21.19975
20.885
22.58675
18.86325
20.37
20.733
18.04075
19.82825
21.04875
18.571
19.23125
21.35525
18.74025
16.72525
19.70625
19.58675
18.62575
18.1145
18.188
15.836
20.14875
18.2775
16.751
18.112
18.8485
19.74325
18.9815
17.16475
18.7565
17.725
17.27325
16.2325
19.41175
17.95875
18.1115
16.31575
18.1465
17.83325
17.375
18.28775
16.26725
16.138
14.74375
16.5425
16.63775
16.98325
15.8785
16.88775
17.02475
16.92075
16.079
17.2815
17.953
18.87825
20.27125
17.5395
16.0705
18.91825
17.878
17.259
17.3285
16.836
15.8535
15.54625
16.838
17.487
14.184
16.3765
