-24423.0
-48162.0
-29488.0
-33376.0
-41070.0
-32748.0
-45597.0
-28541.0
-32182.0
-29730.0
-37561.0
-30378.0
-31200.0
-29049.0
-28512.0
-29419.0
-21746.0
-24169.0
-28957.0
-35803.0
-31512.0
-30757.0
-24287.0
-26880.0
-29063.0
-23962.0
-27571.0
-20599.0
-24517.0
-29559.0
-28166.0
-32410.0
-30529.0
-24852.0
-31028.0
-23840.0
-21648.0
-25735.0
-19809.0
-26187.0
-28369.0
-20630.0
-20381.0
-22253.0
-19832.0
-19789.0
-21681.0
-27810.0
-24522.0
-19512.0
-16222.0
-13732.0
-22723.0
-15086.0
-17833.0
-19979.0
-17559.0
-21944.0
-18096.0
-18830.0
-17610.0
-17792.0
-18200.0
-16084.0
-22270.0
-17856.0
-18906.0
-18793.0
-25819.0
-18231.0
-17201.0
-15361.0
-16241.0
-16750.0
-11981.0
-13525.0
-14044.0
-14733.0
-12586.0
-11710.0
-14661.0
-13919.0
-12971.0
-14177.0
-20271.0
-15962.0
-15799.0
-10637.0
-10715.0
-13242.0
-13316.0
-12566.0
-13926.0
-9559.0
-9455.0
-9970.0
-13631.0
-14089.0
-11317.0
-14036.0
