6.722407407407408
9.617222222222223
6.610555555555556
5.940555555555555
7.351296296296296
6.527222222222222
8.491296296296296
5.363703703703703
5.694444444444445
5.909074074074074
4.969444444444444
5.118703703703703
9.17851851851852
5.691851851851852
5.293333333333333
5.2011111111111115
5.575925925925926
6.680740740740741
5.322777777777778
4.940740740740741
4.750925925925926
4.70574074074074
5.833888888888889
4.675
4.45
4.711481481481481
4.937407407407408
4.789444444444444
4.836111111111111
3.7635185185185187
3.8055555555555554
4.410925925925926
3.7146296296296297
4.653518518518519
3.7712962962962964
3.9994444444444444
4.539074074074074
3.953333333333333
4.0942592592592595
5.468703703703704
4.023333333333333
3.918888888888889
4.007407407407407
3.980185185185185
3.807037037037037
3.987037037037037
3.656111111111111
3.1524074074074075
3.902037037037037
3.1892592592592592
3.6642592592592593
3.3762962962962964
3.3937037037037037
3.832222222222222
3.8940740740740742
3.286111111111111
3.7492592592592593
3.4207407407407406
3.2505555555555556
3.589259259259259
3.1924074074074076
3.1674074074074072
3.147407407407407
2.9535185185185187
3.207962962962963
3.1825925925925924
2.890185185185185
2.4051851851851853
2.682037037037037
2.676296296296296
3.04
2.6075925925925927
2.928703703703704
2.9968518518518517
2.6548148148148147
2.745185185185185
3.0633333333333335
2.5853703703703705
2.9203703703703705
2.8353703703703705
2.8007407407407405
2.634259259259259
2.472962962962963
2.8159259259259257
2.6196296296296295
2.6405555555555558
2.7864814814814816
2.72537037037037
2.8587037037037035
2.4987037037037036
2.5542592592592595
2.6642592592592593
2.522777777777778
2.426111111111111
2.233888888888889
2.3355555555555556
2.4161111111111113
2.678148148148148
2.955185185185185
2.2292592592592593
