36301
51933
35697
32079
39697
35247
45853
28964
30750
31909
26835
27641
49564
30736
28584
28086
30110
36076
28743
26680
25655
25411
31503
25245
24030
25442
26662
25863
26115
20323
20550
23819
20059
25129
20365
21597
24511
21348
22109
29531
21726
21162
21640
21493
20558
21530
19743
17023
21071
17222
19787
18232
18326
20694
21028
17745
20246
18472
17553
19382
17239
17104
16996
15949
17323
17186
15607
12988
14483
14452
16416
14081
15815
16183
14336
14824
16542
13961
15770
15311
15124
14225
13354
15206
14146
14259
15047
14717
15437
13493
13793
14387
13623
13101
12063
12612
13047
14462
15958
12038
