-22610.0
-37804.0
-22678.0
-20002.0
-26113.0
-22680.0
-29983.0
-17693.0
-19336.0
-20143.0
-16597.0
-16732.0
-35405.0
-19544.0
-16863.0
-16831.0
-19701.0
-23774.0
-17596.0
-15861.0
-15221.0
-14541.0
-17829.0
-14855.0
-13963.0
-14694.0
-15817.0
-15472.0
-15648.0
-11072.0
-11054.0
-13231.0
-10357.0
-15023.0
-10086.0
-10392.0
-13401.0
-12055.0
-12069.0
-17044.0
-11838.0
-10548.0
-11901.0
-11133.0
-11004.0
-11837.0
-10085.0
-8099.0
-10858.0
-8553.0
-10338.0
-9376.0
-9291.0
-10347.0
-9101.0
-8487.0
-8804.0
-9007.0
-7949.0
-9271.0
-6558.0
-8493.0
-7917.0
-7666.0
-8233.0
-8181.0
-7145.0
-5487.0
-6732.0
-6231.0
-7738.0
-6205.0
-6989.0
-7382.0
-6022.0
-6534.0
-7399.0
-5624.0
-6684.0
-6122.0
-5654.0
-6050.0
-5743.0
-6142.0
-5736.0
-5304.0
-5025.0
-5921.0
-6718.0
-5501.0
-5160.0
-5644.0
-5666.0
-4634.0
-4612.0
-4828.0
-4772.0
-5613.0
-5589.0
-4815.0
