189.23
172.80575
173.412
176.4355
180.25525
168.298
172.93875
162.0455
160.25075
166.18575
158.7925
154.95825
172.01975
151.77875
165.50575
160.117
166.7595
157.524
153.4395
145.2465
153.8365
153.97725
139.68025
150.69775
149.45325
157.2275
150.257
156.2235
142.044
181.0605
157.009
155.71225
150.7395
140.7195
137.7055
148.593
139.83825
142.22975
143.469
130.25175
143.81925
133.97275
144.36525
146.16325
154.61725
141.704
139.08225
164.80375
131.254
131.61125
132.88375
135.64125
150.488
143.49975
128.6965
163.49
133.34825
132.38575
135.374
146.90975
