148.2135
153.50825
143.3735
138.602
158.31875
151.70925
148.7365
134.5565
149.045
132.6405
137.964
150.697
131.6235
135.60175
140.30325
139.13625
116.759
133.64075
128.61975
132.00875
130.48775
124.56575
113.52725
129.0505
124.744
124.7395
129.38875
126.35875
116.014
125.06875
125.094
120.2605
120.58475
119.914
109.46925
114.618
121.0645
115.336
113.21175
110.94125
115.75275
117.6135
108.973
113.17625
106.82225
107.77925
116.0485
112.47975
112.7235
105.17375
107.2855
106.49275
110.231
108.87975
104.30225
105.53425
110.99075
107.80475
106.0765
109.0765
