464063
422198
469517
341750
439652
527575
341176
388794
339822
470323
280992
353389
325799
321586
326162
409124
364105
299194
337825
338931
310310
273035
270682
292502
280271
376230
306111
319554
300954
312176
296019
343364
345902
350940
282814
277219
369786
331442
316179
305344
322429
280280
295625
366884
347908
254452
334567
471483
436512
426362
462479
319763
328305
341041
403894
377601
276547
398376
319909
269297
480471
429699
638518
515512
483446
383924
419816
363485
293686
323877
336930
268784
449528
458851
645669
425898
266548
463574
294448
277624
390045
331400
301600
366114
248282
252507
204050
261752
235616
205682
418044
335101
774219
344330
804059
415530
807250
911486
807961
685529
