24.55725
25.8385
15.99725
22.088
20.33
20.935
18.7395
19.006
19.86025
17.42325
15.72525
16.174
16.62775
14.7585
18.5535
17.93925
17.04475
16.905
17.219
14.384
13.9605
15.01925
13.44125
17.53175
13.30275
17.3685
18.54875
16.9385
14.392
15.45075
15.43625
12.97125
13.747
15.18425
16.0455
13.671
13.4695
12.575
12.30825
14.50075
17.14825
11.516
11.99875
19.48725
12.0435
12.49875
13.4435
16.2805
14.8355
13.61025
14.70975
14.34025
17.74425
17.54
12.31
12.5955
12.083
12.16225
13.51
12.01275
13.0815
10.70925
11.1355
13.3105
10.9065
9.809
13.151
12.3045
12.681
12.80525
15.0565
14.8105
17.01125
12.872
14.29225
10.83475
12.1745
11.57
10.15925
10.90975
13.2665
11.00575
11.946
10.3295
13.4685
9.60075
11.704
10.508
10.681
11.9345
10.7065
11.114
13.0615
13.80275
12.70375
45.19875
15.9465
16.64525
13.35475
11.978
