98229
103354
63989
88352
81320
83740
74958
76024
79441
69693
62901
64696
66511
59034
74214
71757
68179
67620
68876
57536
55842
60077
53765
70127
53211
69474
74195
67754
57568
61803
61745
51885
54988
60737
64182
54684
53878
50300
49233
58003
68593
46064
47995
77949
48174
49995
53774
65122
59342
54441
58839
57361
70977
70160
49240
50382
48332
48649
54040
48051
52326
42837
44542
53242
43626
39236
52604
49218
50724
51221
60226
59242
68045
51488
57169
43339
48698
46280
40637
43639
53066
44023
47784
41318
53874
38403
46816
42032
42724
47738
42826
44456
52246
55211
50815
180795
63786
66581
53419
47912
