19.41
23.45375
19.13125
19.9465
20.66175
19.02625
19.8385
20.4105
14.8915
13.33575
17.43925
15.87475
16.6225
14.914
20.5425
15.438
14.30575
17.15525
17.93325
18.86025
18.5495
15.9675
11.78575
13.94625
16.64975
20.764
15.98375
16.53875
17.93925
13.664
17.20425
11.9895
17.3365
16.454
13.932
18.76175
16.0445
17.49075
13.9455
14.8165
15.14375
13.19975
14.5665
15.488
13.92375
15.81875
13.2195
15.94725
15.1855
13.26675
14.2855
13.27125
13.45325
12.886
13.04775
14.2655
12.17825
13.25
13.00025
14.243
13.17525
11.949
14.68975
12.95975
12.774
10.997
10.63075
11.765
10.79425
13.43975
12.504
11.2215
12.00025
11.44025
13.66075
12.86425
10.7995
14.1505
11.25875
11.71375
11.17525
11.1605
12.00225
12.762
11.4515
11.90725
11.44225
12.1735
13.597
14.53125
11.57775
11.8525
13.996
12.04075
11.465
11.2645
11.49075
12.56
12.1355
14.6845
