-29031.0
-39034.0
-33389.0
-34290.0
-32577.0
-29482.0
-30138.0
-31256.0
-23972.0
-15891.0
-25457.0
-25277.0
-23501.0
-20497.0
-32886.0
-22242.0
-19261.0
-22877.0
-26944.0
-34176.0
-29067.0
-21766.0
-17424.0
-21536.0
-28158.0
-35104.0
-24731.0
-23307.0
-28196.0
-20506.0
-26884.0
-15116.0
-25220.0
-25062.0
-20425.0
-33379.0
-22634.0
-29400.0
-17301.0
-19811.0
-18023.0
-17527.0
-18030.0
-18109.0
-18669.0
-17874.0
-17263.0
-17689.0
-18412.0
-18120.0
-20322.0
-16484.0
-18295.0
-15644.0
-17789.0
-17682.0
-12635.0
-15628.0
-15963.0
-18160.0
-17289.0
-17039.0
-15482.0
-17503.0
-14905.0
-12216.0
-12725.0
-12522.0
-14731.0
-17042.0
-16938.0
-14245.0
-15292.0
-16137.0
-20620.0
-14967.0
-10083.0
-17252.0
-15604.0
-14592.0
-13800.0
-12997.0
-15260.0
-14375.0
-13328.0
-11960.0
-10527.0
-12361.0
-15709.0
-17816.0
-12883.0
-12344.0
-13589.0
-11251.0
-11027.0
-13102.0
-11751.0
-13040.0
-14110.0
-16960.0
