77640
93815
76525
79786
82647
76105
79354
81642
59566
53343
69757
63499
66490
59656
82170
61752
57223
68621
71733
75441
74198
63870
47143
55785
66599
83056
63935
66155
71757
54656
68817
47958
69346
65816
55728
75047
64178
69963
55782
59266
60575
52799
58266
61952
55695
63275
52878
63789
60742
53067
57142
53085
53813
51544
52191
57062
48713
53000
52001
56972
52701
47796
58759
51839
51096
43988
42523
47060
43177
53759
50016
44886
48001
45761
54643
51457
43198
56602
45035
46855
44701
44642
48009
51048
45806
47629
45769
48694
54388
58125
46311
47410
55984
48163
45860
45058
45963
50240
48542
58738
